,Chr,Gene_length,Adipose - Subcutaneous_GTExTPM,Adipose - Visceral (Omentum)_GTExTPM,Adrenal Gland_GTExTPM,Artery - Aorta_GTExTPM,Artery - Coronary_GTExTPM,Artery - Tibial_GTExTPM,Bladder_GTExTPM,Brain - Amygdala_GTExTPM,Brain - Anterior cingulate cortex (BA24)_GTExTPM,Brain - Caudate (basal ganglia)_GTExTPM,Brain - Cerebellar Hemisphere_GTExTPM,Brain - Cerebellum_GTExTPM,Brain - Cortex_GTExTPM,Brain - Frontal Cortex (BA9)_GTExTPM,Brain - Hippocampus_GTExTPM,Brain - Hypothalamus_GTExTPM,Brain - Nucleus accumbens (basal ganglia)_GTExTPM,Brain - Putamen (basal ganglia)_GTExTPM,Brain - Spinal cord (cervical c-1)_GTExTPM,Brain - Substantia nigra_GTExTPM,Breast - Mammary Tissue_GTExTPM,Cells - Cultured fibroblasts_GTExTPM,Cells - EBV-transformed lymphocytes_GTExTPM,Cervix - Ectocervix_GTExTPM,Cervix - Endocervix_GTExTPM,Colon - Sigmoid_GTExTPM,Colon - Transverse_GTExTPM,Esophagus - Gastroesophageal Junction_GTExTPM,Esophagus - Mucosa_GTExTPM,Esophagus - Muscularis_GTExTPM,Fallopian Tube_GTExTPM,Heart - Atrial Appendage_GTExTPM,Heart - Left Ventricle_GTExTPM,Kidney - Cortex_GTExTPM,Kidney - Medulla_GTExTPM,Liver_GTExTPM,Lung_GTExTPM,Minor Salivary Gland_GTExTPM,Muscle - Skeletal_GTExTPM,Nerve - Tibial_GTExTPM,Ovary_GTExTPM,Pancreas_GTExTPM,Pituitary_GTExTPM,Prostate_GTExTPM,Skin - Not Sun Exposed (Suprapubic)_GTExTPM,Skin - Sun Exposed (Lower leg)_GTExTPM,Small Intestine - Terminal Ileum_GTExTPM,Spleen_GTExTPM,Stomach_GTExTPM,Testis_GTExTPM,Thyroid_GTExTPM,Uterus_GTExTPM,Vagina_GTExTPM,Whole Blood_GTExTPM,opentargets_association_score,pharmgkb_drugged_gene,DGIdb_interaction_group_score,HIPred,SDI,pLI,O_GlcNAc_Score,RVIS_Score,IPA_BP
Chr,1.0,-0.12212550401733807,0.015386310231134391,0.017604144288828616,0.021786401722359867,0.006539677150692995,0.007232771004914636,0.0016631552404548125,0.02251330285178581,0.029125648661924936,0.02957865861692375,0.028412096881629264,0.04176738045416818,0.04883259489276872,0.03800088450445202,0.025735687324081404,0.030993237529133487,0.027417355841283846,0.027839912066722323,0.03324794620145232,0.018664625627067846,0.02591822080260433,0.020768612985605287,0.00952985480269297,0.03521339174286231,0.024383572000615614,0.028556818040200185,0.01877628139914924,0.021289701429150668,0.018591861827454374,0.025363072894703804,0.018350670523778003,0.02687029336543617,0.00972226642675372,0.014470985990385427,0.026262973880140872,0.027587232857804612,0.020580705013365345,0.022664039038807978,0.022838034835142795,0.010436926806853255,0.015834828560731835,0.019850939829444924,0.019927610509787322,0.03570147368570482,0.04025543403738054,0.030188888359846337,0.029540726504005917,0.024709418004726688,0.041222047122567405,0.025779073051566778,0.05825232403284069,0.03399035560460887,0.022259344124358368,0.023832970512757047,0.05392988437863002,-0.03692241778586677,,-0.015236813521750135,-0.0444236032183813,-0.019426197476703346,-0.013840653447859274,0.030909386627305527,-0.014736209950591229,-0.026675254831371967
Gene_length,-0.12212550401733807,1.0,0.09625482510114214,0.07705571751730907,0.07052387383651366,0.09680144962162633,0.09296675065801889,0.12021005134509496,0.08274458039576987,0.12018952233015985,0.12897991929223226,0.12044867777055637,0.12275110969185456,0.11607799697062685,0.12422332157519242,0.13865631877645215,0.12040691923453152,0.11304631180433951,0.12121160844195543,0.11139814882910609,0.11969777888833122,0.11595437231217447,0.079011258235566,0.09439489910356408,0.05215618681812279,0.09206217917413553,0.08328686214304387,0.09787559243145502,0.057035262692955294,0.09630757487476722,0.03977937372536534,0.09780313218802265,0.07100808893079234,0.09174212759614352,0.08241670187440238,0.04565566431513572,0.03894603593471127,0.03170559893834961,0.07204840250752864,0.06258229937147855,0.09193800704423045,0.10152598244866991,0.09382702115252131,0.05466999147657689,0.07147921335339263,0.05297670727902293,0.04347424956732407,0.048294035065413514,0.03985653036457452,0.024603775013087123,0.048037121504029265,0.02622902588972044,0.0818838933418965,0.09061517537102705,0.06046301399260362,0.013637543040137947,-0.03954036542861847,,-0.08899148889588492,0.3079689362027177,0.16454111012331787,0.0910222711138218,0.10965878031619804,-0.2523675492370545,0.04138974921961118
Adipose - Subcutaneous_GTExTPM,0.015386310231134391,0.09625482510114214,1.0,0.984178801387018,0.9054336078672308,0.9429515681194842,0.964393966424986,0.9479036945916507,0.9535878255068956,0.7757259495739799,0.7501245408599401,0.7721455604435731,0.7285688446240759,0.7317758383748088,0.7450696330916731,0.7341577395320186,0.7798068955534222,0.7765156675057128,0.7544823265211724,0.7792518804539047,0.8277189799963354,0.814384166055572,0.9803528502349904,0.8804372830922187,0.7689917665102846,0.94453375620321,0.9442390894703723,0.934533246275974,0.9020013636493205,0.9496294445310022,0.85017061836613,0.945620464663325,0.94714674256476,0.9179177976851737,0.9053902747275013,0.8668289579761875,0.8754345605412774,0.8159706424175426,0.9300967628792568,0.8986231196182236,0.877584779132809,0.9468760474257645,0.9109698457998583,0.8561896392060963,0.8289973928967483,0.9145897487049434,0.8583234835110803,0.8651165234047679,0.8899347530260736,0.880816501747073,0.8990376970692868,0.6524185754599652,0.9182357592019331,0.9424018910430452,0.9058855134013718,0.7899164695448362,-0.0723609037414602,,0.006204124471001327,0.41603039767066574,0.2864839222828561,0.26575763036841704,0.04464223746857891,-0.2740058577169245,0.034347741535523814
Adipose - Visceral (Omentum)_GTExTPM,0.017604144288828616,0.07705571751730907,0.984178801387018,1.0,0.909716276168115,0.9379460642543018,0.9608998116016885,0.9341227070742983,0.9505504684382745,0.7774545627047825,0.7510465323290098,0.7732405400890447,0.7246033484745079,0.728372509318664,0.745738013354425,0.7346848659263724,0.7811134887640998,0.7785166433179761,0.7548574191793901,0.7803437580914245,0.8280326106399305,0.8154038725232273,0.9761046680845481,0.874002691385904,0.769970464786063,0.9396675412792139,0.9418223641747773,0.9319651896879467,0.9060270700275123,0.9462250466220021,0.8568717007890719,0.9418971425322169,0.9512964120658359,0.9208110371425713,0.9058377620672645,0.8762797951992289,0.8849840447605426,0.8245111551730959,0.9406452302793178,0.900814456027725,0.8662633702377521,0.9377048021188851,0.9124494840921586,0.8634803249106251,0.8366991959583563,0.9179874048559433,0.8568503107472695,0.8599980985167487,0.8957766537967381,0.8898800986859233,0.9063716579638171,0.6490154543925261,0.9210469952007991,0.93978558074189,0.908116304879608,0.7983071774115323,-0.08006705680406866,,0.016344074471231415,0.4118273939709096,0.2935732619434543,0.2644073393367656,0.04163303845892898,-0.26917023484045455,0.036868983582125175
Adrenal Gland_GTExTPM,0.021786401722359867,0.07052387383651366,0.9054336078672308,0.909716276168115,1.0,0.9023887375646642,0.911847891760486,0.8949624373766617,0.9149855015216647,0.8055056897925413,0.7855604349444282,0.8023255369814608,0.7672143480031834,0.76840981661461,0.7799667089136972,0.7721760758094601,0.807833566928724,0.8125631383188974,0.7919381055951609,0.8063963055928068,0.8430071270729605,0.8354189796005907,0.909270812418858,0.8699521009500268,0.7876760276255795,0.9055035066776954,0.9115117825270566,0.9037587519457057,0.8807159505199106,0.908889187356748,0.8427327970845807,0.9070836052697404,0.9127328649967182,0.8917200006774423,0.8870487051212864,0.8804340700149571,0.8837367665658323,0.8392194727920306,0.8834067526015034,0.878855241482452,0.8544886654957649,0.8928600001451994,0.9139265118418816,0.8813106914783735,0.8723217079086403,0.9018702118678559,0.8324550542949128,0.8314648829004285,0.8703401338897948,0.8655941644727024,0.8958511785255283,0.6914075631815977,0.8999049953831063,0.90875611660983,0.8748503849844537,0.7807879882975579,-0.0590597026412889,,-0.0017510264932782808,0.3959325802383305,0.2716740177504788,0.2515555666063256,0.0010827614148857965,-0.2693756423909786,0.0037901790862732215
Artery - Aorta_GTExTPM,0.006539677150692995,0.09680144962162633,0.9429515681194842,0.9379460642543018,0.9023887375646642,1.0,0.986743620801021,0.9816395781207712,0.9517037163663924,0.7909624306227953,0.7689050148284752,0.7881027118518124,0.7487304618016343,0.7514084387774566,0.7646421264319984,0.7549320293468388,0.7945797107330899,0.7946268694002953,0.7734327594021811,0.7932155144725415,0.8356481782422719,0.8247687509636217,0.9359764288362584,0.8842417153399555,0.7619792045145415,0.943748837580086,0.9450316148353324,0.9430423782109765,0.8942559884515727,0.9570603653330109,0.8426773840671866,0.9525279471485474,0.9452060323402386,0.9244993383768565,0.9041709669818382,0.8592256685038944,0.8678379210944811,0.798596342289297,0.9121108169908066,0.8864348634772737,0.8664485072712438,0.9300063131707604,0.917209912113271,0.8528716996559135,0.8495298179471118,0.9187139589302649,0.8412279238456883,0.8458171199391159,0.870600022819304,0.8582984817419264,0.8939575645668051,0.6605591030158494,0.9108932941868269,0.9469436780880309,0.8997884606455516,0.7706650550228937,-0.06482287188126887,,0.00023572022294608997,0.4164221044005225,0.2847650057590849,0.27246165906059067,0.054647179275751925,-0.2846014432422417,0.02982300134311306
Artery - Coronary_GTExTPM,0.007232771004914636,0.09296675065801889,0.964393966424986,0.9608998116016885,0.911847891760486,0.986743620801021,1.0,0.9829000608466799,0.9631228528814106,0.7973179022905602,0.7735040640520592,0.7942512006103364,0.7498114525825619,0.7528870534404974,0.7685257052366137,0.7583649018916868,0.8012294862482063,0.7993671434048196,0.7777082455355457,0.8001028039991585,0.8433821000351674,0.8328001220059852,0.9550020149821238,0.8856084671343534,0.7680939733490102,0.9524893075733634,0.9539296082176686,0.952420971277082,0.9070064648489954,0.9671511104361448,0.8510821778079342,0.9626771012112807,0.9563660082870296,0.9402765417197193,0.9204455595585169,0.8698640278356186,0.8786210752249048,0.8111062964754842,0.9285669846456511,0.8956972579916633,0.8775112187819086,0.9482993210693594,0.9232665624667574,0.860436437953376,0.851044714168838,0.9272786893724027,0.8490014576981747,0.8540199287566088,0.885738008203894,0.8754520916510441,0.9045984821069698,0.6629976871580568,0.9217264695653108,0.954064204279461,0.908865551081137,0.7811788815636548,-0.07043676386783713,,0.006164042245996564,0.41782628654661563,0.28972978614152933,0.2708317902270067,0.048828496239179064,-0.2812401437840743,0.03209075724879958
Artery - Tibial_GTExTPM,0.0016631552404548125,0.12021005134509496,0.9479036945916507,0.9341227070742983,0.8949624373766617,0.9816395781207712,0.9829000608466799,1.0,0.9541095668372818,0.7900291436055069,0.7695693553715779,0.7879148962998559,0.7533069060013063,0.7545277198671078,0.7644705052710877,0.7563560509866923,0.7934993095938881,0.7919348839173648,0.773485705614701,0.792804667776286,0.8338905133779878,0.8220742279993258,0.9368699208045684,0.8845262133943482,0.7566317462799311,0.9459965461325964,0.944400014322951,0.9477263040717155,0.8912103556234948,0.9600601796280813,0.8376555276022579,0.9558606739623999,0.9453167782375445,0.9220731505014493,0.9051489651800431,0.8530607146332432,0.8621596637371898,0.7905900269873082,0.8995045533584364,0.8793946378539181,0.881851513919137,0.9339153779329588,0.9174734313938158,0.8464103853546147,0.8416323978841392,0.9148774909992349,0.8419539977917496,0.8482546073601043,0.8617290736630191,0.8419508749717085,0.887575448008394,0.661814412615132,0.9070618518805482,0.9494328129704256,0.8976404540745745,0.7545339493827458,-0.05721048507273868,,-0.0066836115547948115,0.43364434035972954,0.28064635665130117,0.28749869730360605,0.061682889472092356,-0.2925060235776796,0.028369836138305692
Bladder_GTExTPM,0.02251330285178581,0.08274458039576987,0.9535878255068956,0.9505504684382745,0.9149855015216647,0.9517037163663924,0.9631228528814106,0.9541095668372818,1.0,0.794300753125152,0.7712383569101385,0.7927594923129916,0.7572699186047601,0.761302329892067,0.7687236950436186,0.7564169723442742,0.7980561879896344,0.7969270204034213,0.7773484783185562,0.7983321703621068,0.8390134308571221,0.8276637453789227,0.9576683101263953,0.8863196641218063,0.7808296752750578,0.9648508519433944,0.9654818064117108,0.9667207193932666,0.9355845056650456,0.9733922109122392,0.886964350164985,0.9707441351210069,0.9656848602284062,0.9215682240154722,0.9096720896472443,0.8844636125754947,0.8953239884882548,0.8202788347617531,0.9280700807373639,0.9161661277231924,0.8754120475084891,0.9395047256141423,0.9317710463949206,0.880072887964787,0.8620571620655697,0.9565655392272285,0.8775166605915411,0.8801666068181474,0.9098020992863246,0.8766955577464802,0.9305656595129577,0.6770193615620058,0.9276379294567765,0.963889519202992,0.9385343625552333,0.7871711594875698,-0.06461119515448076,,0.009587452257441393,0.4180217108254552,0.2860856977092901,0.26928625712511783,0.049604056991905524,-0.2863090061390382,0.022316101194193513
Brain - Amygdala_GTExTPM,0.029125648661924936,0.12018952233015985,0.7757259495739799,0.7774545627047825,0.8055056897925413,0.7909624306227953,0.7973179022905602,0.7900291436055069,0.794300753125152,1.0,0.9880219056179663,0.9808150207495082,0.889946234427889,0.8934213143776912,0.977325511539441,0.975525918317296,0.9926661030536967,0.9791638442689062,0.9770086538959384,0.9807254671818066,0.936027212461373,0.9725227567830685,0.7820195261814901,0.7422242632865736,0.6703841443812238,0.8008216039358548,0.8056143057947592,0.8241834360336843,0.7687070955005734,0.8181740992574137,0.7171462976985619,0.8173837120205675,0.7997045145791926,0.8026541677212974,0.7936627627009396,0.7666789961481613,0.7731484597637573,0.6934133306295189,0.7502754948539665,0.7563276315117614,0.7603942164747737,0.8150592509335945,0.7959990102057201,0.7610528845519131,0.8581963804766645,0.7978610334412298,0.7192735502200331,0.7193464797110108,0.73699296180933,0.7254552626822948,0.7770695112614568,0.6295097972023805,0.7882656688387809,0.8002186822321617,0.7557172321883763,0.658687664535716,-0.03927488326426264,,-0.04204521914121741,0.4657185621679036,0.2832183025082997,0.33576569957113184,0.003034090372062075,-0.32612761259372286,-0.004398194002541743
Brain - Anterior cingulate cortex (BA24)_GTExTPM,0.02957865861692375,0.12897991929223226,0.7501245408599401,0.7510465323290098,0.7855604349444282,0.7689050148284752,0.7735040640520592,0.7695693553715779,0.7712383569101385,0.9880219056179663,1.0,0.9730805600604884,0.9003063114353665,0.9031554896190238,0.9927377659860381,0.9942151218648176,0.9819564413036113,0.9713380305722848,0.9755023975562096,0.969705406029266,0.9041049374950532,0.9494782408926663,0.756667593245461,0.7248480614974016,0.6511585354787176,0.7790163186484287,0.782883686670479,0.8045467728883151,0.7466138841325884,0.7976497865970579,0.6967204435689268,0.7970276524994437,0.7755695540442502,0.7842147109622423,0.7766867044097128,0.7453175595238205,0.7510640905687941,0.6725062893999706,0.7218102508903862,0.7327784571961662,0.7456647577631607,0.7882278860963171,0.7758202253484395,0.741501519473187,0.8500367392318906,0.7763227173098596,0.7003716646704111,0.7006858841422776,0.7124749231301827,0.6990111017244345,0.7549651928921217,0.6182552246598444,0.7666241010303131,0.7791149153527989,0.7336791269575368,0.6343451505948657,-0.029936052878016487,,-0.056434974502393064,0.4756095575947815,0.2794253769668965,0.3445037844621847,0.0017344877847143456,-0.3377254305543219,-0.006328020900444612
Brain - Caudate (basal ganglia)_GTExTPM,0.028412096881629264,0.12044867777055637,0.7721455604435731,0.7732405400890447,0.8023255369814608,0.7881027118518124,0.7942512006103364,0.7879148962998559,0.7927594923129916,0.9808150207495082,0.9730805600604884,1.0,0.8870073793760764,0.891596335414339,0.9667173775801243,0.9637392123878784,0.9773015300546476,0.9691112684835028,0.992705219636432,0.9969310038115101,0.9241943173151358,0.9614544850121287,0.7793665138173662,0.7379852579289692,0.6692708533729858,0.7988619396560643,0.8037626944953391,0.8220948528646528,0.7665099421373369,0.816576754824187,0.7148843338780079,0.8154117013570683,0.7982269522739324,0.8002460157534216,0.7924234966587398,0.7650877594933413,0.771980202681266,0.6903324348545381,0.7470476728581897,0.7555831564423129,0.7603815438422473,0.8118487443070856,0.7954583465463055,0.7593525434413632,0.8601091349187714,0.7963648921779312,0.7178609373679388,0.7179362548214521,0.7350764475094579,0.7226735216088032,0.7746570525309285,0.6310359064061001,0.788895702577274,0.7987123801625953,0.7540822676063743,0.6563437549847481,-0.04024743066904348,,-0.05584475729727087,0.46299872144866705,0.2819376185988101,0.328582943057222,0.007878455226970256,-0.326538002573721,-0.0009828450177000656
Brain - Cerebellar Hemisphere_GTExTPM,0.04176738045416818,0.12275110969185456,0.7285688446240759,0.7246033484745079,0.7672143480031834,0.7487304618016343,0.7498114525825619,0.7533069060013063,0.7572699186047601,0.889946234427889,0.9003063114353665,0.8870073793760764,1.0,0.9959047799308453,0.9066016296859452,0.9046152736614216,0.8939774389883766,0.8965635707774149,0.8921018080908965,0.8844899475464706,0.856575191970217,0.8765081759178502,0.7379340497684043,0.7174965380136324,0.6753885041042006,0.7680332381216981,0.7707468575525541,0.7865610840524543,0.7318305754244513,0.778430851303724,0.6924996160270752,0.7772751290572966,0.7626970394319109,0.756215885161857,0.7551471503369799,0.721506292660111,0.7298809464786347,0.6643033438326558,0.7014719636903536,0.7248108746638345,0.7414576801262863,0.7647952632017685,0.7746294072680743,0.7414905962760424,0.8429779987454066,0.7640234705333436,0.6988461613418978,0.6971299113712728,0.7057364230033205,0.6966653990789907,0.7441239490013245,0.624251492086198,0.752894390229515,0.7710430370076681,0.7243253584234198,0.6437766688387815,-0.029997215801706587,,-0.03585327890827205,0.46042579830073826,0.25328667772936375,0.3332629276497811,0.025800300793418395,-0.34702118156535483,-0.03483830429713591
Brain - Cerebellum_GTExTPM,0.04883259489276872,0.11607799697062685,0.7317758383748088,0.728372509318664,0.76840981661461,0.7514084387774566,0.7528870534404974,0.7545277198671078,0.761302329892067,0.8934213143776912,0.9031554896190238,0.891596335414339,0.9959047799308453,1.0,0.9132404736751211,0.9054844158442031,0.89759527746544,0.8984325780093733,0.8953513496739774,0.8897667219013176,0.8571724575104037,0.8801641133986301,0.7427901163358793,0.7148503456591342,0.6669965355869385,0.7726141130421951,0.7757100623040513,0.7902538481954727,0.7364187228455643,0.7830687421738347,0.6962878044605546,0.781582641151769,0.7681396723917784,0.760297409914515,0.7581808755996963,0.7273194761402129,0.7350136755696703,0.6669408317091045,0.7071590508778111,0.7297387150428724,0.7412765424598433,0.7708069291931863,0.7778665920303052,0.7457507929967055,0.8473564073451714,0.7711290360213165,0.7046663072561562,0.7034838695725624,0.7104065587760917,0.6997647023595267,0.7494553442345843,0.6255818326494156,0.759250792780551,0.775393785370759,0.7301108761731767,0.6424268641314486,-0.035098320388839074,,-0.03774049882941772,0.45965619270817165,0.2565422883962863,0.3284750375164505,0.03999769204592178,-0.3534837553471699,-0.0297446433528791
Brain - Cortex_GTExTPM,0.03800088450445202,0.12422332157519242,0.7450696330916731,0.745738013354425,0.7799667089136972,0.7646421264319984,0.7685257052366137,0.7644705052710877,0.7687236950436186,0.977325511539441,0.9927377659860381,0.9667173775801243,0.9066016296859452,0.9132404736751211,1.0,0.9950464466300728,0.9749256229287157,0.9620819658817414,0.9687318332014104,0.9640812525822073,0.8945119547465082,0.938807575050851,0.7531865694124273,0.7180364038985695,0.6479338928160224,0.7768814865516057,0.7814206393442503,0.8015854293017766,0.7449568357939472,0.7953505555802804,0.6959678304359705,0.7944259187694229,0.7744836474122909,0.7807274863948557,0.7745141715826476,0.7423394498404473,0.7475323153546677,0.6688941342273274,0.7193308663777078,0.7311862270242612,0.7436673598937952,0.7861845623803233,0.7744003354702726,0.7406189935483519,0.8534239363327134,0.7771762256857736,0.702525009917951,0.7030271918630884,0.7120584561388937,0.6998678342191829,0.7540217361502674,0.6216772682546613,0.7664899333651722,0.7781128297536306,0.7332051548633689,0.6348331086114579,-0.027177157490231793,,-0.05828416350543456,0.47664293808042224,0.27943567616525905,0.34000927184494645,0.013703584491880564,-0.3506455683149514,-0.009967722903990353
Brain - Frontal Cortex (BA9)_GTExTPM,0.025735687324081404,0.13865631877645215,0.7341577395320186,0.7346848659263724,0.7721760758094601,0.7549320293468388,0.7583649018916868,0.7563560509866923,0.7564169723442742,0.975525918317296,0.9942151218648176,0.9637392123878784,0.9046152736614216,0.9054844158442031,0.9950464466300728,1.0,0.9724481254576463,0.9625564395226941,0.9676950209371539,0.9597595124403823,0.8913423515104886,0.93537236216962,0.7403823630409044,0.7149560657372355,0.6459260387578217,0.7637235913311908,0.7671224073593159,0.7911190228944296,0.7326454463830971,0.7837206011315067,0.684459777002458,0.7834470647617563,0.7596061190206788,0.7708374225790693,0.7650217942791809,0.7293761597540603,0.7352775399680525,0.6581794839185126,0.7054674548112116,0.7187035161278373,0.7363513970430028,0.7722824382499336,0.7623397847445157,0.728950264911207,0.8421028084377511,0.7610845091092554,0.6880144936512836,0.6881512794820244,0.6982751093687695,0.6851012545282906,0.7412498922312023,0.6115840089261733,0.7514462094951464,0.7649390752652947,0.7194172582218364,0.624536038541419,-0.024418588085488063,,-0.06147485783004924,0.48280193660228643,0.2792480155221246,0.35087963672775707,-0.0019022506528023947,-0.3443601406168496,-0.011185040531626732
Brain - Hippocampus_GTExTPM,0.030993237529133487,0.12040691923453152,0.7798068955534222,0.7811134887640998,0.807833566928724,0.7945797107330899,0.8012294862482063,0.7934993095938881,0.7980561879896344,0.9926661030536967,0.9819564413036113,0.9773015300546476,0.8939774389883766,0.89759527746544,0.9749256229287157,0.9724481254576463,1.0,0.9772298590108413,0.9710633854037891,0.9791604137030316,0.9462902275983152,0.9748738723950265,0.7861112271283153,0.7456041133876401,0.6757093572033771,0.8041766595619649,0.8093388709266288,0.8273540842087493,0.7726532786337801,0.82198968573173,0.7207481277638031,0.8211868834657702,0.80410193523944,0.8065008181969168,0.7975009767979097,0.7694732678350453,0.7764895048857251,0.6962974957148376,0.7561167745473476,0.760548533398785,0.7640449333760627,0.8203744580338462,0.7986235786612551,0.7649993134821212,0.8619202316097574,0.8022360149825379,0.7234999602326646,0.723586088864169,0.7429196349583953,0.7318697181504118,0.7813549607046373,0.6344257489995799,0.7924318757675521,0.803948000310972,0.7596332756779087,0.6654528671831061,-0.038760703447929125,,-0.042516970482128505,0.46650287029119575,0.28457611922810155,0.33613782681588805,0.0007201042843896494,-0.32828225324849675,-0.008127492002365582
Brain - Hypothalamus_GTExTPM,0.027417355841283846,0.11304631180433951,0.7765156675057128,0.7785166433179761,0.8125631383188974,0.7946268694002953,0.7993671434048196,0.7919348839173648,0.7969270204034213,0.9791638442689062,0.9713380305722848,0.9691112684835028,0.8965635707774149,0.8984325780093733,0.9620819658817414,0.9625564395226941,0.9772298590108413,1.0,0.9689211980121398,0.9676248032971533,0.9383705918638928,0.9744279142658072,0.7838206096648402,0.7455712210940256,0.6758252711734186,0.8028331207703818,0.8085979069504181,0.827852227416942,0.7713015640872878,0.8201266624551594,0.7176362058704846,0.8192767601160574,0.8027216385850771,0.8032210555729087,0.7933131457689273,0.7694998458731924,0.7773040126148891,0.6949747216493899,0.7530615554042309,0.7590905754614908,0.759981346814517,0.814641780253637,0.8005381289233131,0.7665542433953983,0.8804719643204086,0.8016458255896701,0.7186001500803251,0.7182439215202765,0.7414506842172289,0.7297888822728887,0.7805433051432349,0.6399163426580414,0.7919458065770387,0.8020076355063346,0.7571601041511291,0.6632971241377219,-0.035953125987401024,,-0.03337650327792516,0.46233840708089335,0.2828166314576702,0.3305972222268074,-0.001981968635569935,-0.3214657020306918,-0.002656822486307843
Brain - Nucleus accumbens (basal ganglia)_GTExTPM,0.027839912066722323,0.12121160844195543,0.7544823265211724,0.7548574191793901,0.7919381055951609,0.7734327594021811,0.7777082455355457,0.773485705614701,0.7773484783185562,0.9770086538959384,0.9755023975562096,0.992705219636432,0.8921018080908965,0.8953513496739774,0.9687318332014104,0.9676950209371539,0.9710633854037891,0.9689211980121398,1.0,0.9868975287522019,0.9077676811516869,0.9486185088621273,0.7623550546557308,0.7289590924912875,0.6629314005414156,0.7848209149300023,0.789569685447013,0.8088920901920181,0.7516998426010919,0.8018089465052299,0.7028914939052158,0.8007917149915273,0.7831677733794234,0.7850934006262039,0.7781557546939393,0.7512170684832842,0.757963167564744,0.677671394351672,0.7278259872346304,0.7409417540450693,0.7487865414542312,0.7949584913844229,0.7852533116880307,0.7494123811021322,0.8589833669934474,0.7828659556948522,0.7065494736114774,0.7061349940898668,0.7192160248200729,0.7076165326822175,0.7604947660214421,0.6302978538020991,0.7747350066322491,0.7849475772476839,0.7397210049551349,0.6448444760716764,-0.031061721110548432,,-0.05785235388727736,0.464143440513079,0.2748706543581005,0.3336540845980525,0.0036554293253436196,-0.3266199935278334,-0.0069060071681230585
Brain - Putamen (basal ganglia)_GTExTPM,0.03324794620145232,0.11139814882910609,0.7792518804539047,0.7803437580914245,0.8063963055928068,0.7932155144725415,0.8001028039991585,0.792804667776286,0.7983321703621068,0.9807254671818066,0.969705406029266,0.9969310038115101,0.8844899475464706,0.8897667219013176,0.9640812525822073,0.9597595124403823,0.9791604137030316,0.9676248032971533,0.9868975287522019,1.0,0.9327731764777996,0.9672091626468274,0.7862290258835384,0.7424720703253839,0.6735466408213427,0.8038962951607402,0.8084144751327786,0.8264289922278331,0.7725779806897207,0.8218207340905452,0.7214064481667314,0.8206678344886992,0.802112052344413,0.8061714372279014,0.7994426952722485,0.7714003881017975,0.7784609104479013,0.6974800624957308,0.7537156343039201,0.7615174096267566,0.7669062750771174,0.8182498621551415,0.7984014158549758,0.76421411605239,0.8593808568573068,0.8024678358157585,0.7239438203278492,0.724323871931455,0.7418704182099296,0.7303521833434857,0.7812446491806943,0.6312792356885341,0.7942388592630635,0.8034827823710468,0.7601590993569439,0.6638054686867925,-0.042315719376983,,-0.05518803288643813,0.4588639920459379,0.2805763612559633,0.32480725970791297,0.0012733444810922993,-0.32338912235320993,-0.000490664775057921
Brain - Spinal cord (cervical c-1)_GTExTPM,0.018664625627067846,0.11969777888833122,0.8277189799963354,0.8280326106399305,0.8430071270729605,0.8356481782422719,0.8433821000351674,0.8338905133779878,0.8390134308571221,0.936027212461373,0.9041049374950532,0.9241943173151358,0.856575191970217,0.8571724575104037,0.8945119547465082,0.8913423515104886,0.9462902275983152,0.9383705918638928,0.9077676811516869,0.9327731764777996,1.0,0.975519187517257,0.8294457483376242,0.7863117438433934,0.7317673781303464,0.8374955130694236,0.8422742660437201,0.8578742203148927,0.8120031489174602,0.8527790332649993,0.7599154507629282,0.8521239508323925,0.8378787498720485,0.8344435888598387,0.8250828273928392,0.8030150199419147,0.8104225284293872,0.7374652052090404,0.8060197044495657,0.8002822694850403,0.797831372982599,0.864522911962317,0.8303397661273108,0.7958079958384842,0.8522851391558938,0.831940974247274,0.7571765599081426,0.7562134352055953,0.7905792160846514,0.7868523984741242,0.8181231542829168,0.6452716934769903,0.8243961830030159,0.837168221948695,0.7967156000778707,0.7272577402290868,-0.0508205025139214,,-0.00415011118387395,0.4320491517620616,0.2797292033620216,0.3008150324184338,-0.004276612575384541,-0.2933336299637688,-0.015504518111423738
Brain - Substantia nigra_GTExTPM,0.02591822080260433,0.11595437231217447,0.814384166055572,0.8154038725232273,0.8354189796005907,0.8247687509636217,0.8328001220059852,0.8220742279993258,0.8276637453789227,0.9725227567830685,0.9494782408926663,0.9614544850121287,0.8765081759178502,0.8801641133986301,0.938807575050851,0.93537236216962,0.9748738723950265,0.9744279142658072,0.9486185088621273,0.9672091626468274,0.975519187517257,1.0,0.8183330989902879,0.7698336785976749,0.7032014367250422,0.8285005627454255,0.8332042216954421,0.8509966040899293,0.8001666241594275,0.8473735072009421,0.7471147625337625,0.8465770201114937,0.8282966573445913,0.8333860394597068,0.8248257085924339,0.7985220271779268,0.804980238149411,0.7281693667836322,0.7902327788576226,0.7894455690457663,0.7917241214798293,0.8493019611025829,0.8210005174215325,0.7882379665259748,0.8662035414011172,0.8259899034620632,0.7450596490850239,0.7453077855098753,0.7734718803370759,0.7657242315607327,0.8090300064991032,0.6411215311347079,0.8187454128259608,0.8270930124534742,0.7858696301765974,0.6993577640076031,-0.05394922946723709,,-0.02635660295498397,0.44461332200561093,0.2849530609951136,0.31259957868301674,-0.005692534328335249,-0.30703928120508267,-0.004977685102458206
Breast - Mammary Tissue_GTExTPM,0.020768612985605287,0.079011258235566,0.9803528502349904,0.9761046680845481,0.909270812418858,0.9359764288362584,0.9550020149821238,0.9368699208045684,0.9576683101263953,0.7820195261814901,0.756667593245461,0.7793665138173662,0.7379340497684043,0.7427901163358793,0.7531865694124273,0.7403823630409044,0.7861112271283153,0.7838206096648402,0.7623550546557308,0.7862290258835384,0.8294457483376242,0.8183330989902879,1.0,0.8781240040644734,0.7688312214627054,0.9486899141538083,0.950379140634429,0.9338694827619182,0.9206457546296752,0.9464614538641903,0.8817938524217626,0.9423240704793715,0.9569313914601297,0.9146731263750771,0.9030673002144348,0.8922737343525681,0.9035436440057161,0.8275343813616803,0.9369737529019264,0.9399814564724436,0.8712606519488216,0.9437490497764486,0.9179785081103357,0.8863975018926142,0.8532239157803825,0.9457517008336715,0.8917831591219045,0.8957912746269727,0.9056781928812152,0.8751950570683513,0.9237104746025208,0.6641778153586053,0.9386961188928047,0.9448811316897323,0.930305470368196,0.7813852874625075,-0.07116738414275149,,0.008289153695218043,0.4123340297052195,0.2896666438063956,0.260521178614792,0.04660225073865803,-0.27408761742426235,0.027459525439514937
Cells - Cultured fibroblasts_GTExTPM,0.00952985480269297,0.09439489910356408,0.8804372830922187,0.874002691385904,0.8699521009500268,0.8842417153399555,0.8856084671343534,0.8845262133943482,0.8863196641218063,0.7422242632865736,0.7248480614974016,0.7379852579289692,0.7174965380136324,0.7148503456591342,0.7180364038985695,0.7149560657372355,0.7456041133876401,0.7455712210940256,0.7289590924912875,0.7424720703253839,0.7863117438433934,0.7698336785976749,0.8781240040644734,1.0,0.8097016022162056,0.8861943755737463,0.8829233000903146,0.872395469103105,0.8446999712448771,0.8754857005099173,0.8363672769212368,0.8747091621600295,0.8728006558229764,0.8465377677264404,0.8392581315631565,0.81246474463136,0.8245987449520259,0.7731296419473309,0.8399335367928047,0.8457350735304576,0.8254975305572035,0.862531123702613,0.8733026498108422,0.8228711628281007,0.8007528821816084,0.8574405151305092,0.8232523127427236,0.8225337647735215,0.8232363042191696,0.801390110559165,0.8484731445052148,0.6724266389850745,0.8490905312732703,0.8830670131984228,0.8598370834721025,0.73849988283695,-0.07467699747130088,,-0.027644499864390264,0.4216578755012081,0.27859104970707027,0.2653274885199209,0.0024364124874828755,-0.2713039786781141,-0.010452435959287675
Cells - EBV-transformed lymphocytes_GTExTPM,0.03521339174286231,0.05215618681812279,0.7689917665102846,0.769970464786063,0.7876760276255795,0.7619792045145415,0.7680939733490102,0.7566317462799311,0.7808296752750578,0.6703841443812238,0.6511585354787176,0.6692708533729858,0.6753885041042006,0.6669965355869385,0.6479338928160224,0.6459260387578217,0.6757093572033771,0.6758252711734186,0.6629314005414156,0.6735466408213427,0.7317673781303464,0.7032014367250422,0.7688312214627054,0.8097016022162056,1.0,0.7616294634045274,0.7641769916445109,0.7587129137898191,0.7739627927088768,0.7577868055168411,0.7791871516378961,0.7594210599954271,0.7633695883315844,0.7383885403514695,0.7490347213059071,0.7405534370120644,0.7521610996708914,0.7350390165125511,0.7745138830480124,0.7717557784452362,0.7514194327044439,0.7475284035862724,0.7629616504560107,0.7626003420178588,0.7306409380490028,0.7636143867159525,0.7453830529491556,0.7363118751377274,0.8033160617315889,0.8393990182593332,0.7813640765739778,0.6315065431394299,0.7614002472068846,0.7636306648767135,0.7571499317827757,0.8350433266183005,-0.08067652089522744,,-0.01010798368399378,0.37319147687474785,0.2659610642824838,0.23263093691518916,-0.004607089915530009,-0.23122264601007603,-0.05848520009612062
Cervix - Ectocervix_GTExTPM,0.024383572000615614,0.09206217917413553,0.94453375620321,0.9396675412792139,0.9055035066776954,0.943748837580086,0.9524893075733634,0.9459965461325964,0.9648508519433944,0.8008216039358548,0.7790163186484287,0.7988619396560643,0.7680332381216981,0.7726141130421951,0.7768814865516057,0.7637235913311908,0.8041766595619649,0.8028331207703818,0.7848209149300023,0.8038962951607402,0.8374955130694236,0.8285005627454255,0.9486899141538083,0.8861943755737463,0.7616294634045274,1.0,0.9923824020719628,0.9514840974822116,0.9061679899337386,0.9573770084491144,0.8638516463402421,0.9523099198979522,0.9728898229775012,0.9095717949700788,0.8945177817792782,0.8702693529305814,0.8814988064973335,0.8006348109433308,0.9066158604214306,0.8956586441757911,0.8590846509952333,0.9395853164905417,0.9488436949089526,0.8635266776039179,0.8635787303423366,0.9440296588173551,0.8645609523436673,0.8666406003903733,0.8819923922164754,0.8617101233189841,0.9015237834700817,0.6840263627192288,0.9226460106002873,0.9813468033085603,0.9407092637516631,0.7606918827592897,-0.0555147573458185,,0.0004985504195128043,0.4205111555312403,0.27444514381129087,0.27257768725441855,0.04927518121928322,-0.2919787548914652,0.020104941600746516
Cervix - Endocervix_GTExTPM,0.028556818040200185,0.08328686214304387,0.9442390894703723,0.9418223641747773,0.9115117825270566,0.9450316148353324,0.9539296082176686,0.944400014322951,0.9654818064117108,0.8056143057947592,0.782883686670479,0.8037626944953391,0.7707468575525541,0.7757100623040513,0.7814206393442503,0.7671224073593159,0.8093388709266288,0.8085979069504181,0.789569685447013,0.8084144751327786,0.8422742660437201,0.8332042216954421,0.950379140634429,0.8829233000903146,0.7641769916445109,0.9923824020719628,1.0,0.9539819720593541,0.9101470536298425,0.9587991855964098,0.8564989063695648,0.9538704693116654,0.978554775608934,0.9114597951881176,0.8960252715696566,0.8772859150651473,0.8891655363967755,0.8049282523733566,0.9127582779663233,0.8998232044256829,0.8580853220507861,0.9423854792284039,0.9526245060878547,0.8697401206055925,0.8727564056684272,0.9488126297897086,0.8589011491554035,0.8610351618334618,0.887644076211668,0.8703473389178475,0.9062825386061139,0.6879058661698488,0.9278188442433539,0.9845960102776508,0.9330162000939363,0.7674225507788428,-0.0528478753129247,,0.00029575127581260243,0.4161982144592939,0.27412995144499375,0.2692743689380884,0.050767567250901445,-0.29031030327066043,0.019997469690804907
Colon - Sigmoid_GTExTPM,0.01877628139914924,0.09787559243145502,0.934533246275974,0.9319651896879467,0.9037587519457057,0.9430423782109765,0.952420971277082,0.9477263040717155,0.9667207193932666,0.8241834360336843,0.8045467728883151,0.8220948528646528,0.7865610840524543,0.7902538481954727,0.8015854293017766,0.7911190228944296,0.8273540842087493,0.827852227416942,0.8088920901920181,0.8264289922278331,0.8578742203148927,0.8509966040899293,0.9338694827619182,0.872395469103105,0.7587129137898191,0.9514840974822116,0.9539819720593541,1.0,0.9331506589712966,0.9824297947081153,0.8466088982136951,0.9819006718782401,0.9525449077633865,0.9214221216645285,0.909536003963547,0.8621827159539667,0.8718354371180738,0.7948366684615977,0.8984679596862697,0.8853832401201671,0.8745611112541501,0.936279180717808,0.9230842700777321,0.8621533643086381,0.86842297614184,0.9337192334428622,0.8433629789156699,0.845850386575059,0.8891037924586322,0.8523799579217328,0.9065660730733999,0.6762659683821135,0.9092960670551632,0.9595964196583099,0.904916527586041,0.760513702895385,-0.06355232927562679,,-0.009355191315753767,0.43360195505117,0.2827238378603936,0.28738868271419604,0.0493522512008497,-0.29864086661168615,0.023989369264935067
Colon - Transverse_GTExTPM,0.021289701429150668,0.057035262692955294,0.9020013636493205,0.9060270700275123,0.8807159505199106,0.8942559884515727,0.9070064648489954,0.8912103556234948,0.9355845056650456,0.7687070955005734,0.7466138841325884,0.7665099421373369,0.7318305754244513,0.7364187228455643,0.7449568357939472,0.7326454463830971,0.7726532786337801,0.7713015640872878,0.7516998426010919,0.7725779806897207,0.8120031489174602,0.8001666241594275,0.9206457546296752,0.8446999712448771,0.7739627927088768,0.9061679899337386,0.9101470536298425,0.9331506589712966,1.0,0.9203492017834632,0.8826326656426866,0.9192475735757758,0.9166955903005176,0.8752347627592598,0.8675438776466043,0.8868618715823515,0.8913379161338774,0.823140009530358,0.9047941841929673,0.9154469542063727,0.8311387532278725,0.8919445240984305,0.8765927679564524,0.8879026932406056,0.8384064577529603,0.928526836110386,0.8618414560953851,0.862225830907402,0.9639427462193938,0.857789143310128,0.9391295355409424,0.6487215803826403,0.899438318939505,0.9065870371063948,0.9076985599687106,0.7781709817567846,-0.08454503146609252,,0.0013665332880375023,0.4049073318363165,0.29808451988426693,0.25235037616302336,0.04133750957177352,-0.2692702711740903,0.016859147912607834
Esophagus - Gastroesophageal Junction_GTExTPM,0.018591861827454374,0.09630757487476722,0.9496294445310022,0.9462250466220021,0.908889187356748,0.9570603653330109,0.9671511104361448,0.9600601796280813,0.9733922109122392,0.8181740992574137,0.7976497865970579,0.816576754824187,0.778430851303724,0.7830687421738347,0.7953505555802804,0.7837206011315067,0.82198968573173,0.8201266624551594,0.8018089465052299,0.8218207340905452,0.8527790332649993,0.8473735072009421,0.9464614538641903,0.8754857005099173,0.7577868055168411,0.9573770084491144,0.9587991855964098,0.9824297947081153,0.9203492017834632,1.0,0.8564482545667801,0.9977888029440468,0.962394679143601,0.9353326583254201,0.9230246232829598,0.8658950292531796,0.8755057010962523,0.8008543991985116,0.9118605447504018,0.8928355840362672,0.8857243018140403,0.945881814116164,0.9295016246231783,0.8645160833629343,0.8673391807118935,0.936944963852711,0.8512358052759518,0.8549147284845505,0.886449823797537,0.8586142672785009,0.9122950301648375,0.6768758978978843,0.9193063655693934,0.964166663849249,0.912066746647212,0.7642720810769176,-0.05609476661776043,,-0.001764947918888796,0.42907323070974224,0.28386341648253993,0.2828843135849604,0.05180894661063823,-0.2965485105934243,0.025963534579097437
